000010
000021
000041
000042
000071
000076
000081
000085
000086
000090
000091
000092
000101
000102
000106
000107
000110
000121
000130
000141
000146
000147
000149
000160
000161
000162
000170
000200
000205
000211
000231
000241
000242
000280
000281
000282
000301
000305
000306
000310
000311
000315
000317
000321
000330
000331
000380
000431
000450
000451
000475
000481
000501
000510
000530
000550
000570
000575
000600
000661
000681
000682
000721
000726
000730
000791
000794
000801
000805
000831
000840
000870
000881
000887
000900
000901
000905
000911
000912
000930
000931
000980
000981
000985
001030
001035
001061
001090
001095
001110
001111
001121
001150
001155
001160
001170
001171
001191
001192
001211
001265
001280
001295
001301
001311
001350
001361
001362
001371
001381
001391
001400
001431
001471
001490
001501
001551
001580
001590
001610
001615
001670
001675
001681
001686
001690
001691
001695
001697
001700
001741
001785
001787
001791
001797
001821
001830
001831
001835
001837
001850
001890
001910
001920
001930
001971
001980
001990
002010
002011
002015
002021
002031
002050
002055
002080
002101
002105
002130
002180
002181
002190
002201
002255
002257
002301
002311
002340
002341
002354
002357
002411
002440
002445
002451
002455
002461
002470
002471
002480
002531
002580
002581
002585
002610
002611
002615
002631
002671
002730
002735
002740
002741
002742
002745
002746
002750
002814
002830
002850
002851
002855
002857
002860
002910
002930
002935
002940
002950
002951
002955
002957
003020
003031
003040
003050
003051
003071
003079
003081
003082
003091
003092
003110
003161
003260
003290
003291
003320
003330
003335
003418
003430
003451
003481
003497
003500
003551
003561
003590
003595
003601
003621
003665
003691
003700
003701
003810
003840
003860
003890
003900
003905
003930
003931
003941
003946
003967
003970
003971
003975
003980
003985
004001
004011
004021
004061
004110
004111
004141
004145
004151
004155
004171
004175
004190
004210
004260
004280
004290
004295
004321
004390
004411
004420
004431
004432
004460
004465
004480
004481
004510
004511
004520
004551
004600
004605
004621
004660
004691
004692
004701
004711
004721
004730
004735
004750
004791
004831
004837
004871
004941
004945
004947
005000
005011
005015
005020
005040
005060
005061
005100
005101
005105
005111
005114
005117
005181
005271
005321
005322
005330
005370
005371
005386
005410
005411
005421
005441
005444
005447
005470
005510
005561
005580
005600
005605
005611
005621
005650
005660
005664
005667
005671
005672
005770
005771
005790
005791
005795
005797
005871
005890
005895
005897
005931
005932
005933
005936
005937
005961
005981
006000
006051
006150
006151
006160
006161
006165
006201
006240
006241
006242
006250
006281
006290
006295
006300
006301
006302
006320
006341
006344
006347
006351
006371
006376
006401
006406
006441
006445
006510
006515
006520
006540
006571
006590
006600
006601
006605
006610
006611
006750
006790
006860
006891
006892
006893
006900
006911
006921
007000
007020
007021
007022
007090
007091
007100
007111
007121
007140
007161
007170
007171
007191
007230
007240
007241
007260
007360
007361
007362
007363
007364
007365
007366
007367
007368
007369
00736A
00736B
00736C
00736D
00736E
007380
007381
007391
007410
007411
007420
007461
007531
007541
007560
007571
007611
007631
007641
007691
007721
007790
007801
007802
007830
007840
007850
007910
007911
007930
007981
007990
008001
008002
008010
008030
008050
008051
008100
008105
008120
008121
008124
008160
008170
008190
008191
008264
008270
008321
008330
008351
008371
008410
008421
008430
008440
008480
008485
008530
008541
008580
008581
008640
008650
008670
008675
008680
008690
008691
008721
008750
008780
008810
008811
008860
008890
008891
008895
008920
008921
008931
008950
008960
008971
008980
008985
008990
009011
009030
009035
009037
009050
009080
009085
009141
009151
009156
009201
009220
009221
009271
009281
009311
009330
009331
009335
009337
009360
009381
009441
009451
009590
009650
009651
009655
009681
009691
009692
009721
009731
009760
009781
009790
009795
009811
009816
009831
009837
009840
009890
009891
009895
009897
009940
009950
009990
009995
010000
010030
010041
010051
010090
010095
010110
010141
010142
010150
010200
010220
010221
010222
010330
010421
010422
010510
010521
010530
010581
010601
010602
010641
010671
010672
010691
010692
010730
010731
010781
010810
010910
010920
010970
011020
011021
011022
011051
011091
011180
011201
011260
011281
011290
011301
011302
011303
011321
011360
011450
011470
011471
011510
011511
011520
011540
011650
011651
011652
011691
011692
011721
011724
011761
011770
011791
011815
011820
011821
011825
011840
011841
011860
011870
011880
011890
011900
011920
011931
011940
011941
011960
012010
012091
012150
012190
012191
012195
012201
012220
012224
012250
012251
012260
012261
012265
012270
012337
012350
012360
012401
012451
012461
012470
012500
012540
012581
012601
012605
012611
012612
012631
012655
012670
012691
012710
012720
012721
012751
012760
012761
012830
012861
012910
013001
013031
013034
013035
013040
013041
013070
013090
013091
013095
013097
013201
013210
013241
013250
013251
013255
013320
013361
013571
013575
013630
013635
013651
013690
013691
013721
013730
013781
013782
013820
013850
013900
014010
014015
014040
014041
014045
014047
014080
014081
014082
014090
014150
014161
014210
014250
014270
014340
014351
014380
014390
014391
014392
014400
014430
014450
014490
014491
014492
014581
014660
014665
014681
014682
014740
014745
014821
014900
014980
014981
014991
015021
015054
015060
015080
015081
015111
015150
015180
015265
015340
015361
015530
015531
015532
015535
015541
015580
015581
015585
015620
015650
015730
015761
015780
015880
015881
015891
015910
015920
015941
015980
015981
015982
016070
016091
016092
016161
016230
016310
016350
016355
016361
016365
016367
016390
016391
016395
016397
016430
016435
016451
016480
016500
016501
016511
016550
016551
016555
016581
016591
016592
016593
016601
016611
016620
016640
016641
016680
016681
016682
016690
016691
016692
016801
016802
016830
016831
016835
016836
016837
016838
016839
01683C
016881
016921
016925
016970
016975
017041
017042
017043
017070
017090
017091
017092
017093
017094
017110
017111
017120
017121
017161
017171
017210
017211
017214
017301
017302
017320
017321
017322
017325
017391
017410
017551
017620
017671
017674
017740
017801
017811
017891
017901
017941
017961
017962
018020
018121
018180
018230
018360
018361
018365
018366
018380
018411
018471
018480
018485
018501
018550
018570
018571
018590
018720
018740
018840
018860
018881
018910
019011
019181
019230
019301
019380
019381
019460
019491
019492
019530
019560
019641
019642
019730
019930
019931
020001
020074
020100
020121
020490
020620
020625
020860
020865
020880
020881
021090
021091
021170
021171
021220
021221
021310
021570
021574
021600
021610
021660
021740
021870
021930
021931
022020
022060
022061
022130
022510
022610
022770
022780
022870
022875
023130
023131
023135
023136
023137
023138
023139
023140
023151
023420
023421
023441
023442
023451
023580
023591
023601
023710
023771
023780
023811
023880
023920
024071
024080
024081
024091
024092
024093
024101
024741
024811
024820
024860
024871
024911
024912
024920
024930
024951
024960
025080
025090
025150
025151
025220
025450
025451
025541
025542
025551
025561
025562
025611
025621
025690
025821
025830
025831
025832
025840
025841
025851
025891
025901
025910
025921
025930
025931
025932
025940
025951
025960
025981
026151
026231
026240
026251
026261
026262
026263
026871
026872
026900
026920
026921
026930
026941
026950
026961
026962
026970
027350
027351
027352
027353
027354
027440
027450
027460
027461
027465
027466
027467
027469
027560
027610
027611
027612
027613
027614
027700
027711
027712
027841
027890
027891
027892
027893
027894
028051
028052
028081
028091
028092
028301
028302
028303
028304
029461
029462
029463
029464
029470
029471
029472
029481
029531
029532
029890
030211
030421
030521
030522
030524
030531
030532
030700
030710
030711
030721
030950
030970
030971
031090
031150
031314
031804
031951
031955
031957
031958
031970
031971
031972
031974
032050
032150
032151
032180
032421
032581
032582
032591
032600
032610
032611
032612
032621
032624
032780
032791
032801
032802
032941
032970
033020
033040
033041
033070
033075
033210
033220
033300
033334
033350
033510
034121
034160
034170
034180
034190
034200
034260
034270
034280
034290
034320
034330
034340
034350
034430
034440
034450
034460
034470
034560
034570
034580
034607
034650
034760
034770
034820
034840
034850
034920
034960
034970
034980
034990
035030
035040
035050
035160
035300
035310
035320
035330
035340
035410
035430
035470
035520
035530
035540
035590
035670
035680
035700
035780
035790
035820
035860
035870
035880
035910
035915
035917
035919
035930
035940
035960
035970
035980
036020
036040
036060
036300
036310
036330
036390
036400
036430
036440
036590
036600
036650
036720
036780
036820
036825
036870
036880
036900
036910
036950
036960
036970
037010
037040
037060
037120
037180
037190
037200
037220
037250
037280
037360
037410
037430
037480
037490
037500
037520
037530
037600
037640
037650
037670
037730
037740
037750
037770
037780
038020
038030
038050
038100
038270
038280
038310
038370
038380
038400
038420
038480
038520
038580
038760
038770
038940
038960
038980
039000
039050
039110
039160
039170
039180
039210
039220
039270
039280
039370
039380
039390
039500
039520
039540
039580
039720
039870
039920
040130
040260
040270
040380
040520
040750
040780
040785
040860
040940
040950
041500
042300
042310
042460
042470
042665
042675
042945
042950
042960
043040
043350
043380
043400
043690
043700
043790
044240
044400
044410
044440
044570
044740
044750
044890
045070
045080
045090
045240
045280
045310
045550
045790
045800
045860
045870
045920
045925
046000
046520
046810
046820
046930
047060
047420
047610
047890
048150
048540
048660
048760
049130
049370
049790
049850
049990
050350
051070
051960
051990
052520
052530
052540
053200
053250
053530
053960
054080
054250
054370
054440
054530
054790
055000
055810
056060
056140
056500
057110
058910
060580
060840
063350
063510
063515
063680
064900
064910
066030
066480
067410
067700
067910
070540
085450